//UTM投影制单位测试数据
71077.50513330000	3278703.85430000000
71019.85397740000	3278741.76354000000
71103.39426330000	3278760.72470000000
71035.31644270000	3278707.07296000000
71065.98916750000	3278680.43961000000
71056.60520000000	3278447.52287000000
70949.29716500000	3278456.94617000000
70992.07648880000	3278542.69663000000
71103.91559580000	3278652.58225000000
71061.20501490000	3278483.03162000000
70973.54459490000	3278449.92173000000
71104.55646800000	3278568.47610000000
70909.06763040000	3278527.68142000000
70940.14296810000	3278629.74520000000
70937.77997980000	3278602.96555000000


//高斯克吕格投影米制单位测试数据

/*
        //高斯投影测试数据
        3724322.373 39500377.1
        3724316.373 39500377.1
        3724316.373 39500430.1
        3724322.373 39500430.1
*/



1、安装node.js之后[Node.js安装地址,LTS版本](https://nodejs.org/en)
2、npm install ，进行引用。

或者直接引用dist文件夹里面的proj4.js